72
15
68
34
52
46
44
71 
17 
98
35
78
54
62
76
54
61 
77 
50 
65
78
54
62
76
54
61 
77 
50 
65
78
54
62
76
54
61 
77 
59 
65
78
54
62
76
54
61 
77 
58 
65
7
5
61
76
54
61 
77 
53
65
78
54
62
76
54
61 
77 
58 
65
78
54
62
76
54
61 
77 
54 
65
78
54
62
76
54
61 
77 
52 
65
78
54
62
76
54
61 
77 
52 
65
78
54
62
76
54
61 
77
88
72
15
68
34
52
46
44
71 
17 
98
35
78
54
62
76
54
61 
77 
50 
65
78
54
62
76
54
61 
77 
50 
65
78
54
62
76
54
61 
77 
59 
65
78
54
62
76
54
61 
77 
58 
65
7
5
61
76
54
61 
77 
53
65
78
54
62
76
54
61 
77 
58 
65
78
54
62
76
54
61 
77 
54 
65
78
54
62
76
54
61 
77 
52 
65
78
54
62
76
54
61 
77 
52 
65
78
54
62
76
54
61 
77
88
72
15
68
34
52
46
44
71 
17 
98
35
78
54
62
76
54
61 
77 
50 
65
78
54
62
76
54
61 
77 
50 
65
78
54
62
76
54
61 
77 
59 
65
78
54
62
76
54
61 
77 
58 
65
7
5
61
76
54
61 
77 
53
65
78
54
62
76
54
61 
77 
58 
65
78
54
62
76
54
61 
77 
54 
65
78
54
62
76
54
61 
77 
52 
65
78
54
62
76
54
61 
77 
52 
65
78
54
62
76
54
61 
77
88
72
15
68
34
52
46
44
71 
17 
98
35
78
54
62
76
54
61 
77 
50 
65
78
54
62
76
54
61 
77 
50 
65
78
54
62
76
54
61 
77 
59 
65
78
54
62
76
54
61 
77 
58 
65
7
5
61
76
54
61 
77 
53
65
78
54
62
76
54
61 
77 
58 
65
78
54
62
76
54
61 
77 
54 
65
78
54
62
76
54
61 
77 
52 
65
78
54
62
76
54
61 
77 
52 
65
78
54
62
76
54
61 
77
88
72
15
68
34
52
46
44
71 
17 
98
35
78
54
62
76
54
61 
77 
50 
65
78
54
62
76
54
61 
77 
50 
65
78
54
62
76
54
61 
77 
59 
65
78
54
62
76
54
61 
77 
58 
65
7
5
61
76
54
61 
77 
53
65
78
54
62
76
54
61 
77 
58 
65
78
54
62
76
54
61 
77 
54 
65
78
54
62
76
54
61 
77 
52 
65
78
54
62
76
54
61 
77 
52 
65
78
54
62
76
54
61 
77
88
72
15
68
34
52
46
44
71 
17 
98
35
78
54
62
76
54
61 
77 
50 
65
78
54
62
76
54
61 
77 
50 
65
78
54
62
76
54
61 
77 
59 
65
78
54
62
76
54
61 
77 
58 
65
7
5
61
76
54
61 
77 
53
65
78
54
62
76
54
61 
77 
58 
65
78
54
62
76
54
61 
77 
54 
65
78
54
62
76
54
61 
77 
52 
65
78
54
62
76
54
61 
77 
52 
65
78
54
62
76
54
61 
77
88
72
15
68
34
52
46
44
71 
17 
98
35
78
54
62
76
54
61 
77 
50 
65
78
54
62
76
54
61 
77 
50 
65
78
54
62
76
54
61 
77 
59 
65
78
54
62
76
54
61 
77 
58 
65
7
5
61
76
54
61 
77 
53
65
78
54
62
76
54
61 
77 
58 
65
78
54
62
76
54
61 
77 
54 
65
78
54
62
76
54
61 
77 
52 
65
78
54
62
76
54
61 
77 
52 
65
78
54
62
76
54
61 
77
88
72
15
68
34
52
46
44
71 
17 
98
35
78
54
62
76
54
61 
77 
50 
65
78
54
62
76
54
61 
77 
50 
65
78
54
62
76
54
61 
77 
59 
65
78
54
62
76
54
61 
77 
58 
65
7
5
61
76
54
61 
77 
53
65
78
54
62
76
54
61 
77 
58 
65
78
54
62
76
54
61 
77 
54 
65
78
54
62
76
54
61 
77 
52 
65
78
54
62
76
54
61 
77 
52 
65
78
54
62
76
54
61 
77
88
72
15
68
34
52
46
44
71 
17 
98
35
78
54
62
76
54
61 
77 
50 
65
78
54
62
76
54
61 
77 
50 
65
78
54
62
76
54
61 
77 
59 
65
78
54
62
76
54
61 
77 
58 
65
7
5
61
76
54
61 
77 
53
65
78
54
62
76
54
61 
77 
58 
65
78
54
62
76
54
61 
77 
54 
65
78
54
62
76
54
61 
77 
52 
65
78
54
62
76
54
61 
77 
52 
65
78
54
62
76
54
61 
77
88